faithfulness: 0.7797178130511463
answer_relevancy: 0.6755310330152717
context_precision: 0.9999999998999999
context_relevancy: 0.7937113174182141
answer_similarity: 0.9123504761142155
bleu_score: 0.07504655172413793
cos-sim-TF-IDF: 0.22604792159679593
sim-spacy: 0.817983531619502
cos-sim-BertModel: 0.9704517820689654
human: 0.5172413793103449
