faithfulness: 0.8392857142857143
answer_relevancy: 0.7117285974977678
context_precision: 0.9999999998999999
context_relevancy: 0.7549182139699382
answer_similarity: 0.9239248937076107
bleu_score: 0.09352241379310346
sim-spacy: 0.8577893882349992
cos-sim-TF-IDF: 0.2652241379310345
cos-sim-BertModel: 0.9822290237931036
