faithfulness: 0.9230769230769231
answer_relevancy: 0.6052437588478589
context_precision: 0.9999999998999999
context_relevancy: 0.7924182139699382
answer_similarity: 0.9221207955250323
bleu_score: 0.12198793103448274
cos-sim-TF-IDF: 0.27783558781193257
sim-spacy: 0.8447414150741912
cos-sim-BertModel: 0.9812855193103448
