faithfulness: 0.9314814814814815
answer_relevancy: 0.5794470353161624
context_precision: 0.9999999998999999
context_relevancy: 0.7744584438549956
answer_similarity: 0.9090154973074307
bleu_score: 0.09635862068965517
cos-sim-TF-IDF: 0.2565707829317841
sim-spacy: 0.8290061026149991
cos-sim-BertModel: 0.9757609431034482
