faithfulness: 0.8697916666666666
answer_relevancy: 0.5007340969007608
context_precision: 0.9999999998999999
context_relevancy: 0.8118147656940761
answer_similarity: 0.9086204247989046
bleu_score: 0.09760689655172414
cos-sim-TF-IDF: 0.24146079296783224
sim-spacy: 0.8374423863708552
cos-sim-BertModel: 0.9772887441379311
