faithfulness: 0.8507575757575758
answer_relevancy: 0.6331001888692553
context_precision: 0.9999999998999999
context_relevancy: 0.8017572944297082
answer_similarity: 0.9145864611623452
bleu_score: 0.08070000000000001
cos-sim-TF-IDF: 0.25205685527741006
sim-spacy: 0.807410612645777
cos-sim-BertModel: 0.9685797031034484
